13002300126
13002313245
13002318777
13002318881
13002324045
13002326980
13002339907
13002340157
13002343555
13002346180
13002352357
13002356282
13002363892
13002366108
13002366332
13002381868
13002390055
13008300639
13008303173
13008303802
13008310888
13008321682
13008321735
13008322822
13008323663
13008328527
13008333009
13008336688
13008337752
13008337920
13008339213
13008347129
13008347129
13008355551
13008365423
13008382299
13008389588
13008398958
13008399133
13008399888
13012300555
13012311918
13012312669
13012315099
13012318888
13012325088
13012328437
13012331161
13012333963
13012342354
13012345246
13012345400
13012348599
13012356525
13012369812
13012371320
13012373992
13012377823
13012378666
13012386578
13012387688
13012392520
13012398421
13018302829
13018303995
13018320571
13018329922
13018336688
13018337898
13018338067
13018338865
13018342558
13018360388
13018369325
13018372700
13018373455
13018383151
13018393713
13022326553
13022339928
13022368885
13022399530
13028338808
13028371567
13028381661
13032317305
13032317305
13032329830
13032333018
13032333976
13032338004
13032338333
13032341601
13032347057
13032358823
13032370171
13032382595
13032388907
13036316268
13036320009
13036325555
13036343904
13036354081
13036361241
13036363736
13036365538
13036368171
13036368863
13036388778
13036391333
13036396314
13038304829
13038329623
13038330606
13038331819
13038334555
13038335888
13038341710
13038352688
13038356538
13038376388
13038379433
13038380282
13038383535
13038386372
13038388686
13038389999
13038392998
13038394183
13047348461
13048389991
13048460812
13060200019
13060208850
13060214881
13060215998
13060222519
13060250959
13060253795
13060259224
13060289777
13060293312
13062332449
13062333311
13062345678
13062366777
13062392180
13062394652
13062395845
13068301016
13068324668
13068333713
13068363377
13068383011
13068384688
13068399770
13072328187
13072328259
13072328969
13072334739
13072338359
13072345720
13072346362
13072386958
13075403378
13075438286
13075442255
13075458777
13075479889
13075486868
13075495678
13098618222
13098619222
13098619555
13098665598
13098673999
13098685627
13098695166
13098699588
13098701112
13098704926
13098736046
13098739872
13098744399
13098750866
13098750968
13098756555
13098757775
13098765120
13098765422
13098779058
13098785688
13098786032
13101000000
13101001030
13101002888
13101005698
13101005698
13101017070
13101020708
13101028767
13101030300
13101030300
13101041433
13101050299
13101068493
13101068852
13101071370
13101078333
13101080222
13101085118
13101086789
13101087999
13101091198
13101106990
13101111004
13101112288
13101126611
13101150855
13101168615
13101184488
13101185056
13101186850
13101188306
13101191234
13101208703
13101213375
13101219888
13101219888
13101222702
13101226222
13101249079
13101249389
13101261666
13101281807
13101293888
13101348031
13101358771
13101368252
13101370137
13101374819
13101376579
13102311690
13102313618
13102317555
13102323772
13102324460
13102325324
13102348597
13102351126
13102358239
13102380000
13102385227
13108900880
13108902780
13108923815
13108932983
13108933916
13110100061
13110103169
13110105116
13110117222
13110117463
13110119110
13110119110
13110128888
13110131205
13110132365
13110134322
13110161908
13110184666
13110220110
13110220110
13110250068
13110286737
13114009556
13114011085
13114016111
13114045777
13114046258
13114065149
13114090543
13114094909
13132303632
13132308819
13132309085
13132310333
13132312323
13132324498
13132325288
13132328455
13132339630
13132339989
13132349796
13132352897
13132366086
13140375512
13164493287
13167805591
13167815721
13167866676
13167866699
13167892258
13167899999
13167994418
13193000070
13193026276
13193040606
13193060633
13193060859
13193061009
13193097303
13193103509
13193105200
13193106336
13193116886
13193117190
13193143888
13193160818
13193166475
13193196063
13193226088
13193226851
13193228800
13193239421
13193260506
13193276088
13193289296
13193297600
13206006999
13206009898
13206020003
13206036409
13206066888
13206108612
13206113204
13206121850
13206138818
13206145726
13206150981
13206161000
13206166999
13206183922
13206268546
13206275417
13206277456
13206297777
13212305896
13212321808
13212324403
13212325666
13212338525
13212362620
13212362866
13212363897
13212367777
13212373855
13212378209
13212386563
13212461730
13212466093
13212467333
13212484300
13212485203
13212497654
13212511682
13212523231
13212526777
13212527308
13212529853
13212545559
13212546533
13212575195
13212576888
13212578238
13220200520
13220218439
13220230502
13220236326
13220237586
13220262805
13220288186
13220300392
13220302218
13220309933
13220309955
13220337018
13220341336
13220390223
13220395420
13224000412
13224053888
13224917612
13224918789
13224926555
13224983049
13224999998
13228506888
13228521918
13228523058
13228540190
13228552612
13228581096
13228599118
13228601851
13228676070
13228690932
13243512579
13243521575
13243527818
13243566239
13251108810
13251111141
13251111766
13251111766
13251116000
13251120449
13251121333
13251123222
13251127763
13251138758
13251140086
13251163666
13251192663
13251216413
13251222567
13251224630
13251230241
13251259888
13251268880
13251268885
13251291679
13251291999
13251325980
13251325980
13251333700
13251345239
13251345610
13251352499
13251353975
13251370218
13251385085
13251392369
13251467666
13271809391
13271817700
13271849735
13271849735
13271852888
13271870035
13271877888
13271882666
13271907148
13271911699
13271927715
13271935978
13271935978
13271980358
13271980796
13271981159
13271991679
13271994289
13271999597
13272508896
13272522003
13272524588
13272532199
13272559418
13272564685
13272569588
13272587288
13272591666
13272600949
13272602831
13272609955
13272633377
13272643558
13272659286
13272666818
13272674002
13272678888
13272682224
13272689319
13272693138
13272710332
13272717760
13272722727
13272724841
13272740107
13272751843
13272764333
13272767692
13272770572
13272777751
13272777771
13272812061
13272823972
13272890888
13272918128
13272920910
13272924567
13272988889
13272991454
13274003538
13274005558
13274009242
13274049639
13274049975
13274970555
13274977977
13274978089
13274988355
13290000225
13290007827
13290009396
13290009777
13290032900
13290051826
13290059886
13290061710
13290099790
15502366707
15502382515
15520000220
15520004839
15520012008
15520018883
15520019943
15520037003
15520050002
15520050167
15520052575
15520056772
15520080249
15520088356
15520095996
15520099969
15520113099
15520113806
15520120001
15520120136
15520144553
15520147137
15520149226
15520157689
15520185183
15523010666
15523011333
15523017015
15523019888
15523032888
15523033335
15523035857
15523096123
15523154945
15523156699
15523236420
15523238800
15523266608
15523266640
15523286342
15523333771
15523333998
15523336689
15523342025
15523349813
15523363906
15523384751
15523396660
15523456781
15523526468
15523543765
15523551311
15523608990
15523659615
15523706637
15523710883
15523722237
15523723666
15523728778
15523748729
15523760333
15523771222
15523783301
15523799798
15523814536
15523814536
15523815929
15523821399
15523838267
15523858653
15523866318
15523869128
15523882289
15523887372
15523911719
15523911786
15523928899
15523931452
15523931452
15523935969
15523937992
15523942005
15523951305
15523956920
15523960368
15523996710
15523997391
15608301888
15608307446
15608348927
15608348927
15608364418
15608379888
15683009999
15683012756
15683020999
15683064913
15683089834
15683101019
15683115651
15683141067
15683158858
15683158858
15683178285
15683182124
15683184508
15683223210
15683223860
15683224746
15683230502
15683265884
15683267973
15683337843
15683342292
15683360008
15683388858
15683409070
15683410167
15683416748
15683446387
15683564715
15683580378
15683607778
15683609660
15683651507
15683661050
15683683990
15683690982
15683698753
15683768636
15683768885
15683800002
15683800003
15683800003
15683804083
15683808582
15683815023
15683815063
15683825812
15683882897
15683882995
15683888052
15683891406
15683899998
15683902228
15683906921
15683934528
15683980037
15683982925
15696000068
15696000068
15696007895
15696047394
15696115298
15696122124
15696122268
15696123451
15696124218
15696126604
15696148231
15696151035
15696166680
15696187028
15696190570
15696198398
15696203136
15696210856
15696211628
15696214770
15696229332
15696257110
15696288883
15696340568
15696386526
15696553346
15696571118
15696589504
15696603666
15696631576
15696660295
15696665118
15696666366
15696666576
15696666669
15696666669
15696680001
15696700826
15696771773
15696777409
15696898828
15696898828
15696916808
18502300004
18502300141
18502301214
18502302962
18502304301
18502304478
18502304867
18502304881
18502307201
18502310106
18502310989
18502312770
18502315182
18502318068
18502320215
18502323838
18502325669
18502326233
18502326473
18502326822
18502328202
18502329495
18502334302
18502334865
18502339433
18502339601
18502339603
18502340502
18502340640
18502341288
18502342433
18502343838
18502344427
18502349653
18502350861
18502351053
18502352104
18502352533
18502353269
18502356102
18502356334
18502358200
18502359200
18502362628
18502368566
18502368811
18502371711
18502372314
18502374823
18502375563
18502376140
18502376740
18502382639
18502389798
18502390038
18502392746
18502393771
18502394531
18512301262
18512301467
18512301988
18512303108
18512304375
18512305863
18512306503
18512306754
18512307475
18512309150
18512309911
18512309938
18512312057
18512312057
18512312799
18512312899
18512313716
18512313716
18512315656
18512318157
18512318326
18512318501
18512318788
18512319336
18512322312
18512323223
18512323601
18512331542
18512332676
18512339946
18512340210
18512340778
18512344219
18512370291
18512372664
18512373196
18512373534
18512373631
18512381606
18523003725
18523005256
18523005985
18523017425
18523019294
18523020993
18523023587
18523030410
18523032613
18523034182
18523035722
18523036868
18523038120
18523040860
18523042636
18523047170
18523050003
18523050130
18523050321
18523050588
18523050685
18523050711
18523050798
18523051219
18523051953
18523052050
18523052478
18523052500
18523052751
18523053387
18523054740
18523054810
18523056115
18523056468
18523058123
18523058265
18523058430
18523058721
18523058721
18523058915
18523058915
18523059382
18523077771
18523081426
18523082325
18523084302
18523084675
18523086121
18523087615
18523095697
18523095697
18523102841
18523103343
18523107693
18523109886
18523112540
18523115300
18523117675
18523122653
18523127705
18523130599
18523132251
18523133018
18523135381
18523144954
18523146650
18523148486
18523154648
18523160696
18523161596
18523170959
18523173039
18523176676
18523177883
18523179186
18523179817
18523180899
18523181285
18523182267
18523183048
18523184518
18523189115
18523191121
18523197434
18523197434
18523201375
18523201936
18523202021
18523202764
18523203140
18523206096
18523208069
18523209363
18523210087
18523210355
18523211621
18523212346
18523216165
18523224171
18523224472
18523224620
18523225559
18523229293
18523229904
18523233689
18523235035
18523239254
18523239881
18523245798
18523246737
18523247685
18523248695
18523248846
18523250689
18523250930
18523253323
18523255420
18523256395
18523260186
18523260518
18523260669
18523267837
18523272826
18523277868
18523282503
18523286186
18523292054
18523292361
18523301141
18523302991
18523303070
18523304876
18523307406
18523308563
18523312488
18523313203
18523313203
18523313561
18523314288
18523316706
18523317092
18523317106
18523318089
18523325942
18523328720
18523334406
18523336539
18523340294
18523347937
18523349643
18523352133
18523354918
18523356271
18523357246
18523359162
18523361030
18523362200
18523367785
18523369692
18523371782
18523380706
18523381773
18523382110
18523382110
18523384331
18523392927
18523402460
18523408265
18523415319
18523428971
18523430025
18523435829
18523436582
18523440528
18523443005
18523445107
18523446275
18523448419
18523454355
18523458309
18523458731
18523458731
18523458732
18523458901
18523459334
18523459562
18523461812
18523462930
18523463790
18523466624
18523467406
18523469638
18523471950
18523472014
18523473600
18523475039
18523475195
18523475195
18523480088
18523480937
18523483288
18523484228
18523487588
18523491911
18523498367
18523505070
18523505070
18523510627
18523510851
18523512397
18523513504
18523516367
18523519262
18523524049
18523525617
18523526952
18523528803
18523529285
18523532276
18523534452
18523534925
18523535464
18523538398
18523538930
18523539083
18523541956
18523547963
18523552265
18523558059
18523560309
18523560965
18523564074
18523578326
18523579557
18523580310
18523590913
18523592271
18523592320
18523592668
18523596965
18523600415
18523615396
18523615932
18523616960
18523617270
18523619030
18523621015
18523623887
18523627550
18523628136
18523629418
18523631941
18523637779
18523638967
18523641028
18523645283
18523645967
18523647374
18523650006
18523652780
18523652887
18523653005
18523653020
18523653023
18523653036
18523653060
18523653069
18523653080
18523653087
18523653093
18523653103
18523653106
18523653109
18523653120
18523653161
18523653163
18523653169
18523653236
18523654213
18523656511
18523657430
18523658014
18523658618
18523660921
18523663637
18523665221
18523667201
18523672079
18523672903
18523674135
18523678108
18523690113
18523692752
18523693287
18523695980
18523696935
18523701082
18523702912
18523703115
18523703439
18523706513
18523706787
18523713132
18523716418
18523718449
18523720923
18523726208
18523730633
18523737259
18523738266
18523740031
18523740697
18523743615
18523744143
18523744425
18523744772
18523744979
18523745328
18523745545
18523748494
18523750456
18523752283
18523752941
18523754261
18523754345
18523757949
18523759831
18523765070
18523767661
18523770723
18523771578
18523772827
18523773031
18523776283
18523780680
18523782812
18523783635
18523784425
18523788332
18523796501
18523797273
18523802518
18523802807
18523805673
18523805673
18523806301
18523806698
18523807882
18523810997
18523811653
18523811724
18523813099
18523820815
18523821984
18523824513
18523828853
18523829134
18523830332
18523831585
18523831670
18523835125
18523835772
18523840069
18523840740
18523840740
18523841984
18523843679
18523847967
18523849843
18523851614
18523852924
18523856554
18523858961
18523863866
18523865566
18523868186
18523868821
18523870638
18523871496
18523875533
18523875594
18523877757
18523881954
18523883837
18523894672
18523898306
18523901530
18523905138
18523905832
18523906507
18523908831
18523909046
18523913489
18523913576
18523916538
18523919367
18523924089
18523924783
18523934220
18523935306
18523936818
18523944991
18523951823
18523954188
18523954378
18523954493
18523955683
18523956119
18523960534
18523960997
18523962032
18523962690
18523967691
18523972400
18523972914
18523973050
18523973156
18523973258
18523973502
18523975353
18523976329
18523976517
18523977738
18523978086
18523978900
18523982962
18523984403
18523985285
18523985617
18523991314
18523991314
18523995425
18523998681
18523998961
18580405770
18580406261
18580408080
18580410586
18580413339
18580413339
18580413835
18580414688
18580414936
18580421166
18580424516
18580429907
18580431057
18580434321
18580441071
18580455641
18580459010
18580462858
18580467087
18580505661
18580508150
18580508350
18580509204
18580512103
18580514085
18580514380
18580515117
18580515830
18580523337
18580529914
18580534512
18580535720
18580544035
18580566917
18580574661
18580574946
18580587389
18580597136
18580602385
18580605082
18580607810
18580608009
18580608837
18580609026
18580612485
18580621238
18580632819
18580675168
18580701110
18580702226
18580704002
18580704002
18580705053
18580708228
18580709367
18580711785
18580713330
18580714686
18580715187
18580717973
18580722220
18580722223
18580722301
18580722301
18580729096
18580731835
18580733971
18580735767
18580737192
18580738602
18580738808
18580738852
18580739588
18580742683
18580742867
18580742867
18580745786
18580745828
18580746474
18580750831
18580751019
18580751769
18580755552
18580758877
18580759323
18580759639
18580760766
18580762653
18580762653
18580766185
18580766696
18580768162
18580768512
18580768846
18580770810
18580771297
18580773658
18580778731
18580780098
18580783823
18580783823
18580785552
18580785863
18580786899
18580787586
18580790045
18580790675
18580790675
18580791393
18580791393
18580802471
18580813869
18580819037
18580821890
18580821899
18580822259
18580832536
18580835316
18580835340
18580835503
18580835721
18580837923
18580838005
18580842235
18580854166
18580858285
18580913908
18580914717
18580915038
18580916441
18580916663
18602300188
18602300647
18602300647
18602301258
18602303114
18602303423
18602303627
18602304655
18602305000
18602305600
18602305622
18602306823
18602306823
18602306963
18602307420
18602307689
18602307690
18602308818
18602308899
18602309527
18602310410
18602311559
18602313057
18602313081
18602313650
18602314579
18602315050
18602315050
18602315929
18602315929
18602316116
18602316920
18602317771
18602317938
18602318111
18602318111
18602319717
18602319945
18602319983
18602320376
18602320886
18602322381
18602322878
18602323422
18602323732
18602324320
18602324411
18602325985
18602328188
18602328808
18602328808
18602328905
18602329223
18602329337
18602329376
18602329697
18602330131
18602330420
18602332321
18602333119
18602333553
18602333878
18602334592
18602335077
18602335833
18602338096
18602338378
18602339105
18602339850
18602341329
18602341344
18602342678
18602342997
18602343055
18602343281
18602345253
18602345642
18602347437
18602348523
18602348733
18602350023
18602350330
18602355045
18602356034
18602357573
18602358816
18602359421
18602363153
18602365622
18602365628
18602366877
18602367775
18602370114
18602371100
18602371306
18602372206
18602372399
18602372729
18602374937
18602379107
18602379218
18602379994
18602380399
18602385606
18602388858
18602389391
18602389527
18602391451
18602391918
18602392399
18602393557
18602393686
18602395482
18602397479
18602397479
18602399200
18602399393
18602399791
18602399850
18602399991
18623000041
18623000905
18623001022
18623001453
18623001957
18623003079
18623003273
18623005054
18623006766
18623006879
18623007253
18623007262
18623008071
18623008411
18623008964
18623009103
18623010957
18623011398
18623011688
18623011968
18623012365
18623014520
18623017399
18623017580
18623017717
18623018837
18623018837
18623020505
18623020591
18623021143
18623021601
18623023187
18623024610
18623026320
18623026388
18623027651
18623027740
18623030333
18623030831
18623031005
18623031207
18623031207
18623032312
18623036756
18623037508
18623038081
18623040214
18623040489
18623040517
18623041235
18623041749
18623043364
18623043545
18623044535
18623044795
18623048660
18623049150
18623049950
18623050401
18623051800
18623052074
18623052616
18623053235
18623055364
18623055595
18623055657
18623056916
18623056916
18623057007
18623057933
18623060119
18623060803
18623062268
18623063270
18623063515
18623064438
18623066095
18623069768
18623070220
18623071201
18623071210
18623072772
18623073509
18623074830
18623075188
18623076115
18623077680
18623080050
18623080148
18623081481
18623081871
18623082300
18623083100
18623085327
18623085427
18623085675
18623085753
18623087911
18623088043
18623088560
18623088636
18623090367
18623090555
18623090807
18623091238
18623092416
18623092552
18623095693
18623096519
18623097236
18623097506
18623097712
18623097925
18623097925
18623098396
18623099813
18623100581
18623102333
18623102536
18623102874
18623106136
18623106595
18623106595
18623107751
18623110671
18623111079
18623111286
18623111286
18623111714
18623115041
18623115356
18623116712
18623116865
18623117221
18623118327
18623118495
18623119509
18623120219
18623120430
18623121822
18623122349
18623122513
18623122617
18623122655
18623123657
18623125654
18623127318
18623127420
18623128321
18623129060
18623129397
18623130521
18623131314
18623131741
18623132018
18623132227
18623132256
18623133345
18623133551
18623135005
18623136615
18623137100
18623137314
18623141077
18623141077
18623141643
18623142966
18623144441
18623144832
18623146412
18623146986
18623151050
18623151050
18623151855
18623154641
18623154757
18623156042
18623156338
18623157229
18623158222
18623158240
18623158240
18623162224
18623162224
18623162829
18623165828
18623167009
18623168751
18623169751
18623170618
18623175070
18623175752
18623176586
18623176678
18623176895
18623177775
18623184339
18623187129
18623189097
18623189612
18623190001
18623190568
18623192210
18623193230
18623195079
18623195089
18623195426
18623195762
18623196497
18623198989
18623199721
18623200308
18623202312
18623203236
18623203335
18623204330
18623206393
18623207863
18623208218
18623208363
18623210329
18623210530
18623211258
18623213688
18623214249
18623215201
18623215764
18623216213
18623216668
18623217762
18623218097
18623218568
18623219177
18623219396
18623220302
18623221066
18623221272
18623222022
18623222281
18623222396
18623222476
18623222899
18623223461
18623223956
18623224143
18623224912
18623225977
18623227173
18623227586
18623229322
18623229939
18623230691
18623230691
18623230765
18623231350
18623231593
18623232460
18623233283
18623235730
18623235871
18623235875
18623236051
18623236526
18623236695
18623236826
18623237805
18623238127
18623238182
18623239222
18623239332
18623239372
18623240121
18623240256
18623241122
18623241882
18623242079
18623242501
18623246162
18623246378
18623246566
18623248766
18623248909
18623249968
18623252405
18623253393
18623255141
18623258035
18623258823
18623260343
18623261115
18623262208
18623263689
18623265566
18623266704
18623267823
18623268841
18623269004
18623269800
18623269879
18623269902
18623270070
18623270930
18623272769
18623272867
18623275557
18623275801
18623277771
18623278366
18623278567
18623279166
18623280333
18623280339
18623281328
18623281550
18623281902
18623282599
18623282683
18623282815
18623282848
18623282976
18623283123
18623283752
18623285610
18623288639
18623288688
18623289312
18623289606
18623289869
18623290199
18623290522
18623291818
18623293538
18623295986
18623298129
18623300088
18623300324
18623302691
18623302700
18623302737
18623303232
18623303307
18623303688
18623303985
18623304046
18623304046
18623305353
18623306288
18623306352
18623309531
18623310008
18623310555
18623311120
18623311500
18623313111
18623313149
18623316323
18623317690
18623318622
18623318852
18623319828
18623319828
18623320120
18623320314
18623321991
18623322077
18623326462
18623328266
18623329105
18623330004
18623330230
18623331115
18623332453
18623332453
18623332508
18623333110
18623333322
18623334188
18623334621
18623336206
18623337256
18623337946
18623338882
18623338962
18623339859
18623340145
18623341417
18623343966
18623344402
18623344634
18623345178
18623345665
18623346108
18623347737
18623347737
18623348248
18623350299
18623350395
18623353474
18623355459
18623355464
18623356824
18623357032
18623357181
18623357897
18623358282
18623358307
18623358584
18623358639
18623359219
18623359900
18623362999
18623363366
18623367170
18623368067
18623368224
18623368880
18623368888
18623370205
18623370652
18623374055
18623375035
18623375255
18623376136
18623377911
18623378401
18623378999
18623380100
18623381022
18623381027
18623381512
18623381831
18623381831
18623382860
18623383983
18623384227
18623386055
18623390023
18623390325
18623390325
18623391360
18623391776
18623392571
18623392749
18623395900
18623396203
18623396414
18623397782
18623399249
18623399249
18623399721
18623401618
18623402129
18623402129
18623404501
18623405331
18623405818
18623406914
18623409016
18623409860
18623410189
18623411588
18623411892
18623413796
18623414616
18623414890
18623415168
18623416900
18623417492
18623418130
18623418342
18623419399
18623419540
18623419678
18623419790
18623420043
18623421698
18623422000
18623422169
18623423080
18623427210
18623427889
18623428284
18623428420
18623430639
18623432131
18623432366
18623432373
18623433041
18623433217
18623436336
18623436466
18623438845
18623439693
18623439942
18623441310
18623443819
18623443819
18623446136
18623448088
18623448203
18623449521
18623450999
18623451184
18623452248
18623453104
18623453368
18623453503
18623453567
18623454055
18623454064
18623454661
18623456022
18623456131
18623456164
18623456338
18623456565
18623456602
18623456975
18623457200
18623457200
18623457585
18623458247
18623458306
18623458517
18623458654
18623460858
18623462363
18623463299
18623464856
18623464876
18623466073
18623467319
18623467843
18623468848
18623469633
18623469991
18623471618
18623471825
18623471925
18623472297
18623475089
18623475599
18623476827
18623477499
18623478599
18623479099
18623479527
18623480654
18623480689
18623481921
18623484459
18623486169
18623487142
18623487237
18623487316
18623490177
18623490813
18623491728
18623492022
18623496197
18623498192
18623498296
18623498515
18623499800
18623500990
18623501698
18623503529
18623504086
18623504099
18623504450
18623504518
18623504580
18623505011
18623505381
18623506272
18623506386
18623507120
18623507120
18623508685
18623508818
18623511005
18623512366
18623512573
18623512712
18623512784
18623513280
18623513391
18623516225
18623516617
18623516617
18623516752
18623517772
18623517773
18623521212
18623521973
18623523403
18623524119
18623524205
18623524207
18623524566
18623525215
18623525587
18623527850
18623528617
18623530047
18623533371
18623533464
18623533590
18623534428
18623534739
18623535292
18623538932
18623539118
18623542330
18623542516
18623543508
18623544156
18623544169
18623544705
18623545199
18623545216
18623547711
18623548406
18623548646
18623550439
18623550811
18623551175
18623551204
18623551305
18623552073
18623552984
18623552989
18623554958
18623555278
18623555519
18623555699
18623556005
18623556321
18623556816
18623557500
18623557573
18623557797
18623557801
18623557850
18623558035
18623558035
18623558085
18623558116
18623558360
18623558447
18623558470
18623558510
18623558682
18623558687
18623558883
18623558949
18623558949
18623559088
18623559179
18623559180
18623559188
18623559189
18623559320
18623559323
18623559410
18623559771
18623570558
18623570881
18623571361
18623571377
18623572915
18623573145
18623573816
18623573816
18623574069
18623574210
18623574883
18623578423
18623578858
18623579902
18623580049
18623580171
18623580687
18623584419
18623584728
18623586708
18623586867
18623587261
18623587897
18623588919
18623589071
18623589778
18623590312
18623591120
18623591578
18623591931
18623592786
18623593033
18623593998
18623594014
18623594509
18623594605
18623594612
18623594670
18623595265
18623596214
18623596633
18623598692
18623599699
18623599721
18623600043
18623600439
18623600536
18623600536
18623600546
18623600616
18623600683
18623601107
18623601883
18623602702
18623603425
18623606368
18623607786
18623609081
18623609081
18623609123
18623609291
18623609955
18623610070
18623612344
18623615095
18623617383
18623618520
18623618608
18623620396
18623623330
18623624329
18623625688
18623626150
18623627990
18623628887
18623629995
18623630148
18623631758
18623633569
18623633899
18623634749
18623635925
18623636818
18623637283
18623637316
18623637380
18623638389
18623638678
18623638887
18623640270
18623640796
18623641236
18623641692
18623646829
18623649598
18623649986
18623650053
18623650053
18623650325
18623651020
18623651716
18623652429
18623652630
18623652697
18623653073
18623653073
18623655723
18623657211
18623657877
18623658336
18623659015
18623661185
18623661259
18623662655
18623663710
18623664416
18623664739
18623665009
18623667406
18623670613
18623671804
18623676447
18623677160
18623677845
18623680070
18623681022
18623682989
18623683585
18623686101
18623693636
18623695769
18623697886
18623699696
18680700009
18680700161
18680700337
18680700702
18680700820
18680700905
18680701484
18680701537
18680704056
18680704433
18680705576
18680706024
18680707007
18680707861
18680708640
18680708670
18680708786
18680709802
18680712220
18680712354
18680714460
18680714608
18680715121
18680715208
18680716150
18680716431
18680718420
18680718663
18680720315
18680720915
18680721156
18680723757
18680724472
18680728346
18680730003
18680730074
18680730553
18680730899
18680731163
18680731165
18680732878
18680736230
18680738882
18680739550
18680739967
18680740714
18680741103
18680744979
18680746562
18680747112
18680748637
18680750053
18680750074
18680750129
18680750188
18680750329
18680750468
18680750977
18680751188
18680751229
18680751577
18680751577
18680751798
18680752088
18680752530
18680754052
18680754270
18680754896
18680755659
18680755659
18680756263
18680756293
18680756327
18680758210
18680758263
18680758298
18680758755
18680759258
18680759279
18680760064
18680760306
18680760623
18680762369
18680763050
18680763248
18680763515
18680764303
18680765418
18680765431
18680765740
18680766009
18680767379
18680767813
18680767989
18680768021
18680768912
18680769069
18680769069
18680769450
18680770214
18680770318
18680770650
18680771231
18680772055
18680772312
18680772615
18680772961
18680775438
18680775553
18680775575
18680776088
18680776514
18680776949
18680778120
18680778865
18680779436
18680779557
18680780119
18680780356
18680780608
18680780766
18680782378
18680782543
18680784446
18680784804
18680784858
18680785221
18680785527
18680785957
18680786911
18680787877
18680789371
18680790104
18680790104
18680790688
18680790787
18680791800
18680793609
18680793609
18680794757
18680795262
18680795758
18680796860
18680796921
18680797429
18680797877
18680797955
18680798889
18680800098
18680800232
18680801177
18680801266
18680801996
18680802229
18680803260
18680803291
18680803424
18680803456
18680803672
18680804256
18680804256
18680805010
18680805074
18680805852
18680806476
18680808199
18680808224
18680808800
18680809431
18680809595
18680810410
18680810610
18680812225
18680812911
18680815198
18680816409
18680816997
18680817090
18680819207
18680819281
18680819630
18680820920
18680821300
18680821938
18680822285
18680825200
18680825448
18680825531
18680827077
18680827370
18680827753
18680829409
18680830491
18680830491
18680831928
18680832318
18680833146
18680833976
18680836428
18680836428
18680836428
18680836428
18680837077
18680839194
18680842013
18680843246
18680843464
18680844628
18680846203
18680846632
18680847666
18680847936
18680848846
18680850308
18680850678
18680850802
18680851367
18680852383
18680852600
18680855501
18680855561
18680856086
18680860280
18680861828
18680861861
18680861984
18680864690
18680865093
18680865157
18680866345
18680866467
18680867841
18680868432
18680868477
18680869872
18680869872
18680870471
18680870471
18680870791
18680871454
18680871862
18680874727
18680875108
18680875685
18680875695
18680876997
18680877000
18680878863
18680878877
18680879388
18680879434
18680880707
18680881698
18680881771
18680882037
18680883068
18680883650
18680883797
18680884740
18680885939
18680886079
18680886443
18680886446
18680886746
18680887493
18680887767
18680887839
18680888720
18680888872
18680889007
18680889425
18680890839
18680891068
18680891171
18680892288
18680892303
18680894951
18680895855
18680897126
18680897200
18680897957
18680898070
18680898133
18680898484
18680899636
18680900102
18680900861
18680901828
18680902962
18680903622
18680903845
18680906149
18680906497
18680907040
18680907999
18680908420
18680908797
18680908938
18680909187
18680909439
18680910207
18680910610
18680910835
18680913599
18680913738
18680913776
18680915768
18680917167
18680918388
18680919111
18680920816
18680920975
18680923342
18680923418
18680925226
18680925449
18680925515
18680925515
18680926087
18680928052
18680928983
18680929001
18680929075
18680930287
18680930566
18680930912
18680931111
18680931303
18680931728
18680931818
18680932385
18680933377
18680935384
18680935384
18680936691
18680937510
18680937768
18680938444
18680938877
18680939201
18680939313
18680939568
18680940017
18680941719
18680944180
18680945186
18680945233
18680947023
18680947416
18680947773
18680949088
18680949414
18680950808
18680951085
18680951116
18680951118
18680951139
18680953939
18680954918
18680955320
18680956520
18680956782
18680956968
18680957172
18680957616
18680957728
18680960237
18680960862
18680961007
18680962737
18680964446
18680965276
18680965994
18680966161
18680967273
18680968082
18680968828
18680971110
18680972002
18680972526
18680972608
18680975339
18680980238
18680982308
18680982688
18680984266
18680984582
18680985400
18680985467
18680987397
18680988761
18680989671
18680995468
18680998716
18680998878
18680999010
18680999913
18696500403
18696501042
18696501588
18696502628
18696502826
18696502916
18696503488
18696504564
18696506639
18696506875
18696508060
18696509850
18696509850
18696509850
18696509901
18696511741
18696511787
18696511889
18696511961
18696516489
18696516600
18696517457
18696518090
18696518601
18696519995
18696520337
18696521858
18696522226
18696522226
18696523111
18696524486
18696526600
18696529260
18696529920
18696530510
18696532008
18696534989
18696535021
18696535252
18696537125
18696537651
18696538307
18696539622
18696539780
18696540714
18696541213
18696541228
18696543931
18696544499
18696544499
18696546162
18696547272
18696548550
18696548818
18696550927
18696551730
18696552758
18696552860
18696554178
18696555046
18696555325
18696555458
18696555510
18696555578
18696559099
18696559099
18696559176
18696559464
18696560015
18696560031
18696560306
18696561695
18696562253
18696562869
18696563172
18696563301
18696565021
18696566254
18696566357
18696566421
18696566778
18696567007
18696568402
18696569018
18696570311
18696571279
18696571773
18696571920
18696572612
18696573196
18696575571
18696575864
18696576069
18696576097
18696577333
18696579331
18696579530
18696579987
18696580311
18696580448
18696580708
18696580826
18696580849
18696580987
18696581755
18696581860
18696582212
18696583383
18696584925
18696585183
18696585625
18696586699
18696588223
18696588697
18696589023
18696589023
18696589023
18696589919
18696589996
18696590034
18696590888
18696592525
18696592766
18696594156
18696595088
18696595203
18696595229
18696595413
18696595766
18696596255
18696596511
18696596511
18696596511
18696596742
18696597231
18696597719
18696597889
18696598080
18696598345
18696598618
18696598740
18696598740
18696599541
18696600968
18696603741
18696603941
18696604418
18696604465
18696605451
18696605725
18696605745
18696606193
18696609003
18696610584
18696612110
18696612125
18696613097
18696615589
18696617171
18696617415
18696617415
18696619160
18696621870
18696621977
18696622611
18696622811
18696624910
18696626753
18696626853
18696628034
18696628333
18696628777
18696629693
18696630506
18696641339
18696646811
18696648387
18696649651
18696652106
18696653533
18696656215
18696656547
18696657812
18696659085
18696659655
18696661016
18696664100
18696664110
18696664256
18696666665
18696666910
18696669465
18696671760
18696672028
18696672529
18696675055
18696679537
18696681345
18696683780
18696684198
18696685526
18696685807
18696686104
18696686558
18696686825
18696686899
18696692611
18696696269
18696696608
18696696910
18696698090
18696698799
18696699919
18696699926
18696700806
18696702324
18696705686
18696707771
18696707867
18696718264
18696720622
18696723177
18696723650
18696725852
18696726999
18696727158
18696728602
18696739777
18696740188
18696740975
18696744907
18696749229
18696750097
18696750565
18696751210
18696752030
18696758207
18696759688
18696765755
18696767159
18696768807
18696769337
18696772526
18696773999
18696777196
18696777786
18696777787
18696780071
18696780292
18696780892
18696780963
18696781394
18696781520
18696782080
18696783361
18696783943
18696784876
18696785956
18696789689
18696792101
18696794785
18696795262
18696796094
18696796094
18696796113
18696797131
18696797171
18696798368
18696798862
18696799359
18696799921
18696800017
18696801415
18696801617
18696801983
18696805550
18696806089
18696806676
18696806689
18696809108
18696809694
18696810327
18696811858
18696816383
18696816718
18696817247
18696818907
18696821415
18696823672
18696825538
18696826135
18696828671
18696829185
18696829251
18696832306
18696832627
18696834531
18696837800
18696839691
18696840366
18696840366
18696841270
18696841420
18696845591
18696848549
18696848835
18696850639
18696850705
18696850823
18696851769
18696853812
18696854123
18696855482
18696856568
18696857730
18696857809
18696857936
18696858077
18696858304
18696859507
18696859507
18696859508
18696859701
18696860117
18696860373
18696862466
18696863066
18696863919
18696865063
18696865652
18696866350
18696866707
18696866766
18696866786
18696866788
18696867592
18696867852
18696868550
18696869021
18696869021
18696871655
18696872338
18696873336
18696873850
18696874148
18696874486
18696880039
18696880162
18696882368
18696883808
18696885169
18696888305
18696888325
18696888616
18696888660
18696890021
18696890080
18696890277
18696890386
18696891117
18696891288
18696892483
18696892830
18696893436
18696893459
18696893922
18696894599
18696895288
18696895526
18696895655
18696896652
18696897701
18696897855
18696898308
18696899723
18696900115
18696900583
18696900773
18696901123
18696901827
18696904191
18696905990
18696906009
18696906856
18696907752
18696908055
18696909011
18696909145
18696909347
18696910593
18696910715
18696911220
18696911799
18696913726
18696915361
18696915753
18696916512
18696916801
18696916861
18696916870
18696917082
18696917928
18696918130
18696919253
18696919971
18696920935
18696921117
18696921169
18696921621
18696923415
18696924228
18696925188
18696927092
18696928839
18696928887
18696929796
18696930159
18696930736
18696931228
18696932151
18696932245
18696933273
18696934609
18696936090
18696937853
18696938864
18696940404
18696940766
18696940901
18696941206
18696944001
18696947413
18696947872
18696948145
18696948493
18696948950
18696949052
18696949074
18696949321
18696950560
18696955815
18696955996
18696956225
18696959699
18696959895
18696961660
18696961926
18696964561
18696965522
18696965657
18696965898
18696966118
18696966616
18696966720
18696968226
18696969311
18696970116
18696970186
18696970500
18696970827
18696973777
18696973930
18696974495
18696974921
18696976357
18696978218
18696978368
18696979208
18696979685
18696980988
18696981313
18696981668
18696981668
18696981895
18696982630
18696985949
18696987911
18696988477
18696988777
18696988796
18696988884
18696990325
18696990726
18696991569
18696991996
18696996909
18696997399
18696999849